using brent and secant method
|| Brent| iter [    lower,     upper]      root        err  err(est)|   Newton|      root        err   err(est)||
                1 [1.0000000, 5.0000000] 1.0000000 -1.2360680 4.0000000|          3.0000000  0.7639320 -2.0000000
                2 [1.0000000, 3.0000000] 3.0000000 +0.7639320 2.0000000|          2.5000000  0.2639320 -0.5000000
                3 [2.0000000, 3.0000000] 2.0000000 -0.2360680 1.0000000|          2.2727273  0.0366593 -0.2272727
                4 [2.2000000, 3.0000000] 2.2000000 -0.0360680 0.8000000|          2.2380952  0.0020273 -0.0346320
One Converged:
                5 [2.2000000, 2.2366300] 2.2366300 +0.0005621 0.0366300|          2.2360845  0.0000165 -0.0020108
Both converged:
                6 [2.2360634, 2.2366300] 2.2360634 -0.0000046 0.0005666|          2.2360680  0.0000000 -0.0000165
