using bisection and newton method
||Bisection| iter [    lower,     upper]      root        err  err(est)|   Newton|      root        err   err(est)||
                1 [0.0000000, 2.5000000] 1.2500000 -0.9860680 2.5000000|          3.0000000  0.7639320 -2.0000000
                2 [1.2500000, 2.5000000] 1.8750000 -0.3610680 1.2500000|          2.3333333  0.0972654 -0.6666667
                3 [1.8750000, 2.5000000] 2.1875000 -0.0485680 0.6250000|          2.2380952  0.0020273 -0.0952381
One Converged:
                4 [2.1875000, 2.5000000] 2.3437500 +0.1076820 0.3125000|          2.2360689  0.0000009 -0.0020263
One Converged:
                5 [2.1875000, 2.3437500] 2.2656250 +0.0295570 0.1562500|          2.2360680  0.0000000 -0.0000009
One Converged:
                6 [2.1875000, 2.2656250] 2.2265625 -0.0095055 0.0781250|          2.2360680  0.0000000 -0.0000000
One Converged:
                7 [2.2265625, 2.2656250] 2.2460938 +0.0100258 0.0390625|          2.2360680  0.0000000  0.0000000
One Converged:
                8 [2.2265625, 2.2460938] 2.2363281 +0.0002601 0.0195312|          2.2360680  0.0000000  0.0000000
One Converged:
                9 [2.2265625, 2.2363281] 2.2314453 -0.0046227 0.0097656|          2.2360680  0.0000000  0.0000000
One Converged:
               10 [2.2314453, 2.2363281] 2.2338867 -0.0021813 0.0048828|          2.2360680  0.0000000  0.0000000
One Converged:
               11 [2.2338867, 2.2363281] 2.2351074 -0.0009606 0.0024414|          2.2360680  0.0000000  0.0000000
Both converged:
               12 [2.2351074, 2.2363281] 2.2357178 -0.0003502 0.0012207|          2.2360680  0.0000000  0.0000000
